-13103
-13101
-13119
-13061
-13089
-13084
-12995
-12931
-13079
-13138
-13123
-12946
-13043
-13128
-13153
-12846
-13176
-13149
-12966
-13005
-13049
-13114
-13075
-12974
-13124
-13051
-13064
-13009
-13020
-13075
-13036
-13130
-13111
-13040
-13074
-13065
-13089
-12989
-13269
-13088
-13078
-13060
-13106
-13013
-13059
-13048
-13100
-13138
-13101
-13059
-13007
-13094
-13057
-13348
-12908
-13022
-13067
-13090
-13062
-13085
-13101
-13075
-13107
-13074
-12947
-13077
-30257
-11508
-12291
-15172
-14272
-6988
-15391
-14189
-9530
-12146
-12231
-11232
-12908
-11207
-14457
-11915
-11390
-12918
-14293
-13157
-15160
-14425
-12093
-5774
-3063
-5778
-14026
-10148
-30929
-18432
-7966
-29041
-14849
-14027
-10225
-11438
-11057
-11015
-11163
-11058
-11160
-11013
-487
-15403
-18499
-14744
-14492
-7109
-8415
-932
-3787
-9978
-11699
-11326
-6177
-410
-4968
-3118
-5712
-8272
-7587
-2545
-6686
-6717
-9273
-8406
-6030
-9174
-7878
-8088
-8269
-7135
-7050
-10047
-5830
-4917
-1009
-4747
-25936
-23064
-17919
-16265
-8092
-967
10807
3632
-15173
-21606
-16962
-17787
-10709
-13759
-12247
-4858
2521
-3272
-3418
-6726
-15258
-10697
-7043
-6610
-25041
-21363
-10117
-12132
-11586
-26384
-18624
-10635
-9475
-11187
-10209
-10684
-10062
-10652
-9111
-9976
-10787
-18880
-18178
-8319
-18052
-16185
-11559
-8528
-32318
3065
-18226
467
-6655
7482
1289
8649
-7088
9029
4301
14960
13873
12298
-1626
4989
6875
13439
13535
14282
13107
14124
14446
15397
14413
14033
14501
14329
14216
14302
14342
14379
14431
14405
14347
14271
14242
14258
14338
14500
14481
14464
14377
14300
14332
14276
14306
14340
14441
14342
14404
14374
14240
14264
14312
14558
14404
14443
14437
14279
14252
14274
14267
14341
14489
14415
14369
14332
14297
14531
14296
14330
14448
14453
14517
14347
14246
14278
14406
14376
13943
15026
14505
8990
15634
11177
10705
23034
13352
9315
3698
13212
6183
7436
10197
7557
9888
-2391
-1996
-350
-2405
-16309
-16536
-12609
-8535
-26004
-4084
28710
5752
-11009
-21148
-10200
-6323
-10899
-6631
-8616
-7890
-8168
-7996
-7962
-8076
-8114
-8138
-8151
-8034
-8045
-7926
-8105
-8147
-8150
-8163
-8119
-8058
-7985
-7979
-8122
-8240
-8170
-8130
-7998
-8105
-8021
-8075
-8167
-8213
-8192
-8062
-7992
-7962
-8008
-8098
-8201
-8069
-8092
-8021
-7929
-8103
-8054
-9258
-8897
-8405
-8001
-6379
-13303
-9730
288
-21409
-18164
-10357
-14103
-16090
-14513
-13972
-7050
-8541
-4541
-2043
727
5098
4772
1531
5444
1008
5779
6610
7040
7810
7658
7492
6709
7729
10726
7911
5566
10830
15004
15175
13879
14422
12921
13473
13900
13570
13252
13408
13476
13572
13618
13523
13490
13488
13498
13496
13581
13613
13556
13572
13511
13496
13403
13484
13496
13572
13631
13792
13492
13486
13462
13526
13572
13607
13613
13547
13540
13508
13467
13545
13603
13640
13588
13603
13484
13441
13497
13505
13534
14159
15753
13570
11390
16000
12996
14271
13690
13119
11635
14447
22317
13335
15050
13580
10827
13614
18091
16653
15895
18073
10538
3502
11240
4570
6840
-1567
-1713
-2588
-3176
-7897
-12727
-7991
-12721
-12022
-14017
-11649
-6296
-21657
20128
-12495
-20265
-12716
-7632
-11465
-13187
-10368
-12169
-11025
-11672
-11358
-11415
-11559
-11460
-11441
-11438
-11399
-11426
-11410
-11465
-11502
-11527
-11345
-11387
-11341
-11431
-11472
-11519
-11418
-11401
-11396
-11328
-11333
-11442
-11459
-11430
-11476
-11272
-11356
-11367
-11380
-11444
-11416
-11434
-11400
-11388
-11259
-11360
-11558
-10408
-12513
-10853
-5407
-10797
-12894
-9351
-12474
-11343
-9173
-15657
-12400
-8440
-17936
-12623
-12530
-19808
-12139
-15345
-24864
-2738
-11881
-28428
-16392
-13731
-6238
-4779
-6628
650
-244
-4033
6014
-4220
-2802
-6315
3590
-9367
-6461
-12399
-2406
-7525
-7475
-11788
-5713
-8502
-5783
-12454
-450
1281
-18724
5211
-14340
-20044
-8474
-12911
-8292
-9444
-15127
-25071
-11379
-9894
-5085
-27209
7392
1464
-29075
-11918
-21584
-17051
-32764
-16454
-10576
-31256
-17894
-10447
-12480
-12530
-11807
-6155
-7868
-8885
-4492
-12169
-14762
-5844
-6183
-2631
-15653
-11470
-11957
-14843
-7942
-7699
-8341
-7179
-7214
-5497
-6372
-4924
-6498
-7924
-5383
-5427
-4729
-6103
-7166
-6895
-5713
-5535
-6698
-6188
-6256
-7103
-7279
-7949
-9142
-7726
-5160
-7492
-6980
-7333
-7453
-7174
-6725
-7187
-6924
-6630
-6940
-6642
-5498
-5839
-1575
-7209
-7846
-20988
-6479
-8432
-5582
-5867
-7653
-6860
-8816
-9463
-9081
-6391
-7837
-5768
-5723
-6660
-6196
-8920
-9757
-9800
-9106
-7527
-8492
-8309
-8507
-7941
-8449
-8902
-7981
-8611
-8586
-7478
-8401
-7599
-9315
-8318
-7872
-8044
-8986
-8533
-8143
-8087
-9067
-8595
-8232
-8047
-9207
-9151
-9269
-9635
-10150
-9006
-8713
-7662
-9510
-9818
-10122
-9450
-9955
-9797
-10530
-7920
-9793
-10287
-10574
-9317
-9343
-8813
-11248
-11357
-11754
-5489
-11666
-10629
-10654
-10920
-3908
-10555
-14512
-11868
-10826
-545
-10524
-12087
-12086
-10535
-32549
-7416
-21912
-12748
-10165
-11112
-4715
-14163
-11890
-9819
-9684
-12107
-12085
-10491
-11777
-9203
-4920
-10460
-10909
-11313
-9826
-6208
-12852
-11607
-9445
-23016
-10573
-10194
-10979
-10100
-10240
-11041
-12083
-10421
-18799
-9771
-9096
-10403
-10198
-10101
-9692
-9251
-9735
-10312
-7500
-12869
-11622
-10285
-9772
-9527
-10303
-10117
-7015
-13472
-10403
-8924
-9057
-9105
-9238
-3374
-12787
-9551
-9353
-9625
-9819
-9868
-9207
-10648
-11300
-9297
-9413
-10251
-9435
-10235
-9476
-10888
-7226
-9560
-9824
-9111
-8807
-9079
-9991
-5199
-12484
-10894
-8522
-8265
-2685
-12255
-11894
-8351
-8032
-8224
-7747
-13897
-8041
-8842
-8217
-8735
-9163
-9315
-8471
-8169
-8627
-10364
-9454
-9185
-7199
-7468
-7265
-7152
-7484
-7311
-7978
-6833
-7290
-6884
-7748
-7143
-7862
-7019
-7824
-6349
-7276
-7780
-6747
-7901
-7512
-8356
-6971
-6718
-7848
-7724
-8351
-6915
-8035
-7108
-8072
-7670
-8365
-7994
-8309
-6075
-8026
-7800
-6774
-9416
-8874
-12012
-9961
-6268
-7048
-9038
-6962
-8440
-7190
-6920
-6246
-6273
-5174
-6167
-4617
-6471
-6050
-5681
-4860
-6001
-7253
-6675
-3200
-4966
-6660
-7219
-7676
-3564
-7360
-6416
-8240
-192
-6557
-5335
-8009
-7073
-3112
-5548
-6470
-5976
-6961
-6514
-5794
-5418
-8621
-5696
-5799
-7221
-8050
-3559
-11361
-5461
-6760
-6596
-9096
-8604
-8694
-7248
-8136
-8151
-6261
-6973
-7126
-10851
-8794
-7799
-7751
-7314
-6496
-8898
-6861
-6882
-6085
-9322
-8077
-7793
-5069
-7488
-5725
-5349
-8754
-6944
-5293
-3731
-1700
-31342
-12057
7633
12657
12647
13812
14702
13259
7834
2153
1485
617
-1809
-982
788
-535
-107
2030
1421
775
512
-7513
-2420
7131
13905
10033
14455
10129
16741
18740
19357
19281
18658
16537
15965
14869
15044
15344
15480
14683
15841
15586
15608
16790
15643
15304
16043
16234
15332
16057
16265
14679
15488
15112
16080
16303
15342
16018
15846
15331
15487
15415
15620
15958
15349
15338
16129
16083
15821
15669
15656
13980
12025
9363
14127
16062
20093
19437
18018
17678
16556
16204
15377
15360
15638
16053
19485
23772
27373
21524
15371
7531
4357
1886
-150
1402
1769
4625
3904
5421
5763
6381
5936
5992
5482
5826
5635
5997
5787
5634
5769
5867
6161
5583
5008
5325
4139
-61
-2923
-3193
-943
5339
13726
27288
26911
24101
21006
18890
18060
16222
15460
14593
15616
15460
15669
15758
15516
18269
19137
23665
23620
22277
14240
3634
-10289
-12259
-6878
-16228
-29192
-32764
-6148
835
4723
-42
426
-1494
-1013
-1738
-46
-649
-56
-723
-2031
-1467
-6361
-7392
-4113
-2072
957
-5554
-4781
4933
6609
5838
6679
5894
6076
5452
4678
6122
5372
5805
5722
5176
5147
5356
5242
4657
3757
1454
-11569
-4024
4870
15537
21855
21821
19777
15758
14532
13938
13456
13217
9808
657
-21305
4150
-8130
-6930
-4570
-6045
-4713
-5218
-5687
-4490
-6038
-5566
-7814
-7664
-10909
-7363
-2862
2098
3590
-897
-13193
-305
12000
11761
15744
14728
12470
13333
12554
13064
12599
11773
13637
12974
15028
14310
14030
13441
13534
15544
16497
14303
13912
10661
7000
6045
5998
-1623
4970
29434
31340
21077
18084
17895
16019
15222
14369
16217
16695
17964
22727
28628
26415
19777
14944
8080
1016
-2412
314
4250
6770
8244
9953
11109
12260
11867
10095
10095
9427
9323
9745
9782
9909
9561
9716
9810
8672
6297
3955
4125
4196
3091
14418
22973
26236
25853
25229
21533
18927
15261
12840
12402
12603
15270
16373
16672
18647
17756
17647
15323
14045
14336
15122
15980
16130
16294
16266
16478
15974
15744
15968
16142
15934
16253
16182
16985
17950
18975
19279
16815
15407
14009
14460
15930
14636
13760
12524
13838
17776
19014
18123
12433
7694
10357
9934
9881
10812
6871
5137
1088
-1134
-636
-82
-679
1713
1986
1387
1216
-1625
-4929
-4183
-3873
-3335
-2217
119
-997
2114
-634
-450
-473
-2128
-770
4298
-1358
-2506
-27779
-29302
-3142
17805
13356
-4382
5835
3230
3185
636
2982
-856
-1630
1538
4788
1411
-496
-1148
-24424
-29836
-6427
-13892
-12017
1318
-16443
-14905
-32737
-15153
-15650
-15893
-15661
-15964
-15976
-16074
-15903
-16069
-15976
-15929
-15917
-16014
-16019
-15883
-15867
-16078
-16070
-16038
-15876
-15964
-15875
-16018
-15984
-15950
-15871
-16009
-15967
-15877
-15958
-16008
-15886
-15988
-15958
-15957
-15970
-15941
-15974
-16004
-16037
-15937
-15901
-15954
-15961
-15933
-15981
-16007
-15876
-15983
-15948
-15889
-16012
-15963
-15955
-15969
-15963
-15888
-15993
-15987
-15984
-15938
-16001
-15903
-15960
-15962
-16024
-15887
-15982
-15964
-15966
-15774
-15921
-16005
-15939
-16214
-15931
-15744
-16077
-16142
-15944
-15948
-15979
-16053
-16050
-15914
-15825
-15961
-16001
-16089
-16013
-15958
-15995
-15897
-15955
-15962
-15991
-15984
-15954
-15899
-16012
-15970
-16099
-15909
-15969
-15974
-15976
-16112
-15895
-16000
-15957
-16029
-15986
-15881
-16081
-15832
-16072
-15941
-15987
-15921
-16049
-15967
-15916
-15955
-16120
-16001
-15912
-15932
-16016
-15940
-15945
-15988
-16056
-15945
-15931
-15992
-16124
-15890
-16013
-16075
-16019
-15862
-16034
-15939
-15925
-15929
-15969
-15880
-15908
-15943
-15835
-15942
-15939
-15984
-16032
-15999
-15833
-15650
-16067
-15961
-16020
-15978
-15917
-15957
-16011
-15942
-15971
-16004
-15982
-15883
-15887
-15786
-16065
-16066
-15945
-15988
-15959
-15996
-16083
-15940
-15889
-16067
-16034
-15995
-15954
-15981
-15977
-15984
-16050
-15993
-16014
-15939
-15967
-15954
-15976
-15924
-15953
-16075
-16022
-15971
-16016
-16080
-16083
-15845
-16016
-16121
-15979
-15995
-15978
-16065
-16035
-16001
-15988
-15996
-15982
-15983
-15942
-16014
-16115
-16026
-15886
-16010
-15971
-15996
-15973
-16034
-15919
-15944
-16040
-15919
-15958
-16045
-16041
-15915
-15954
-15969
-16001
-16179
-15849
-16018
-15894
-16087
-15941
-16043
-15873
-15992
-15990
-16086
-15907
-15985
-16036
-15971
-15999
-15937
-16014
-16026
-16026
-15975
-16009
-16009
-15985
-16011
-15985
-16057
-16001
-15916
-15956
-15915
-16003
-16003
-16047
-16035
-16020
-15972
-15989
-15969
-16009
-15993
-15955
-16012
-16028
-16020
-15969
-15986
-15909
-15988
-16125
-16263
-15878
-15321
-15462
-16022
-16293
-15603
-16549
-16178
-16580
-15708
-16712
-16656
-14138
-18726
-17411
-11481
-15871
-16888
-17412
-15545
-16476
-15857
-16285
-16501
-16072
-16168
-16154
-16202
-16172
-16121
-16046
-16160
-16213
-16120
-16045
-16098
-16015
-16115
-16169
-16076
-16090
-16092
-16116
-16086
-16111
-16069
-16097
-16078
-16166
-16133
-16074
-16034
-16027
-16340
-16542
-16196
-15553
-14870
-16466
-17265
-15946
-16119
-16022
-16016
-15905
-16279
-16259
-15899
-16056
-16244
-15885
-16137
-16303
-15989
-16082
-16043
-16108
-16106
-16039
-16144
-16056
-16113
-16091
-16033
-16067
-16023
-16065
-16096
-15985
-16092
-16069
-16110
-16115
-16104
-16101
-16085
-16024
-16073
-16089
-16108
-15964
-16024
-16124
-16104
-16075
-16136
-16172
-16040
-16073
-16075
-16086
-16048
-16048
-16000
-16098
-16038
-16122
-16064
-16115
-16123
-16157
-16104
-16107
-16023
-16071
-16066
-16103
-16113
-16057
-16061
-16043
-16070
-16164
-16125
-16108
-16071
-16053
-16033
-16041
-16064
-15991
-16083
-16094
-16103
-15999
-16105
-16086
-16122
-16146
-16076
-16058
-16076
-16224
-16272
-16041
-16163
-15728
-15880
-15995
-16081
-16094
-16072
-16113
-16061
-16037
-16105
-16099
-15980
-16023
-15882
-16068
-16046
-15864
-16316
-15955
-16084
-16145
-16068
-16004
-16254
-16106
-16098
-15830
-16251
-15939
-16003
-16090
-16252
-16015
-16109
-16063
-16094
-16151
-16125
-16037
-16091
-16137
-16120
-16092
-16125
-16046
-16080
-16140
-16051
-16068
-16108
-16018
-16079
-16056
-16066
-16076
-16036
-16095
-16087
-16105
-16114
-16070
-16070
-16076
-16075
-16116
-16040
-16073
-16123
-16044
-16043
-16062
-16016
-16075
-16067
-16042
-16121
-16057
-16089
-16075
-16056
-16140
-16099
-16053
-16025
-16151
-16121
-16081
-16017
-16081
